variablenode=factorndoe*2;
x [0, 50, 150, 250, 350, 450, 550, 650, 750, 850, 950, 1050, 1150, 1250, 1350, 1450]
y1 [0, 0.06744384765625, 0.5211005210876465, 1.8435676097869873, 3.1164650917053223, 4.909611701965332, 7.53614354133606, 10.547298669815063, 13.770698070526123, 18.97612428665161, 22.18656849861145, 27.790038585662842, 32.80192542076111, 38.84902501106262, 45.27141189575195, 47.026692390441895]
y2 [0, 0.2803962230682373, 0.5611317157745361, 1.0608925819396973, 1.2392609119415283, 2.0164926052093506, 2.526632070541382, 3.306716203689575, 4.392043113708496, 4.987740516662598, 6.270897388458252, 7.794636249542236, 9.499472618103027, 10.94509482383728, 12.664489507675171, 14.36934494972229]
variablenode=factornode*6
x [0, 50, 150, 250, 350, 450, 550, 650, 750, 850, 950]
y1 [0, 0.4365055561065674, 2.095374345779419, 4.620786428451538, 7.8240296840667725, 12.343644380569458, 18.019243955612183, 24.697877645492554, 32.52278733253479, 40.49890065193176, 50.781068563461304]
y2 [0, 0.7346253395080566, 1.456131935119629, 2.7929935455322266, 4.108438491821289, 5.78774619102478, 7.643953800201416, 9.346350193023682, 11.62272334098816, 14.551018953323364, 17.540433168411255]
cluser number 8
variablenode=factornode*2
x [0, 50, 150, 250, 350, 450, 550, 650, 750, 850, 950, 1050, 1150]
y1 [0, 0.05176520347595215, 0.4317491054534912, 1.3758504390716553, 2.58400297164917, 4.317120552062988, 6.485461473464966, 9.098444938659668, 12.191954851150513, 15.355596542358398, 19.821784019470215, 23.903080701828003, 28.67225408554077]
y2 [0, 0.4535660743713379, 0.6927285194396973, 0.9070591926574707, 1.0597152709960938, 1.362813949584961, 1.6250088214874268, 1.9833216667175293, 2.2840936183929443, 2.7179644107818604, 3.1075873374938965, 3.589794874191284, 3.997735023498535]
variablenode=factornode*5
x [0, 50, 150, 250, 350, 450, 550, 650, 750, 850, 950, 1050]
y1 [0, 0.177229642868042, 1.4025800228118896, 3.0460968017578125, 5.730443000793457, 9.358966827392578, 14.031291723251343, 18.550234079360962, 24.771329402923584, 32.09691596031189, 44.46517539024353, 52.08763885498047]
y2 [0, 0.6361768245697021, 1.0589587688446045, 1.5600612163543701, 2.0848865509033203, 2.742781162261963, 3.4439587593078613, 4.133977174758911, 5.099008083343506, 5.906537294387817, 7.082010746002197, 8.490361452102661]
sparse graph cluster change by 1 factornode 500
x [0, 4, 8, 12, 16, 20]
y1 [0, 6.401735782623291, 5.699849605560303, 5.7116148471832275, 5.671513319015503, 5.781735897064209]
y2 [0, 2.598496675491333, 1.4031362533569336, 1.6309337615966797, 2.102907180786133, 2.6656548976898193]
another
x [2, 4, 6, 8, 10, 12, 14, 16, 18, 20]
y1 [5.80778431892395, 5.6157450675964355, 5.720202445983887, 5.474978446960449, 5.390787124633789, 5.696437120437622, 5.325524806976318, 5.766945123672485, 5.356428384780884, 5.71574592590332]
y2 [5.07521390914917, 1.8505494594573975, 1.5697495937347412, 1.5018486976623535, 1.4651970863342285, 1.6083309650421143, 1.858163833618164, 2.0651655197143555, 2.392888069152832, 2.750153064727783]
valo
x [2, 3, 4, 5, 6, 7, 8, 9, 10, 11, 12, 13, 14, 15, 16, 17, 18, 19, 20]
y1 [5.5358195304870605, 5.5755791664123535, 5.604951858520508, 5.5987019538879395, 5.524821043014526, 5.766504526138306, 5.779725074768066, 5.592265367507935, 5.796171188354492, 5.672652006149292, 5.665135383605957, 5.49776291847229, 5.783466577529907, 5.628030300140381, 5.541230201721191, 5.42552638053894, 5.82379937171936, 5.286451101303101, 5.605793237686157]
y2 [5.515553951263428, 2.907907724380493, 1.9079842567443848, 1.8312263488769531, 1.536309003829956, 1.499476432800293, 1.4143948554992676, 1.445406436920166, 1.5247340202331543, 1.6020686626434326, 1.74582839012146, 1.829035758972168, 1.9647033214569092, 1.9798376560211182, 2.11293625831604, 2.2741518020629883, 2.404989242553711, 2.524988889694214, 2.7403371334075928]
for 200 nodes:
x [2, 3, 4, 5, 6, 7, 8, 9, 10, 11, 12, 13, 14, 15, 16, 17, 18, 19, 20]
y1 [1.3224365711212158, 1.0444114208221436, 0.9352085590362549, 0.9618813991546631, 0.9085049629211426, 1.0516743659973145, 0.8917891979217529, 1.1200215816497803, 1.1250977516174316, 0.9161579608917236, 1.1760334968566895, 0.9577360153198242, 1.1103780269622803, 1.0271492004394531, 1.0996699333190918, 0.8821523189544678, 1.1435110569000244, 1.1740005016326904, 1.1234943866729736]
y2 [1.0941393375396729, 0.75459885597229, 0.7103450298309326, 0.8801274299621582, 0.7230987548828125, 0.7664885520935059, 0.8646707534790039, 0.9680752754211426, 1.0578901767730713, 1.1101689338684082, 1.249964952468872, 1.365800380706787, 1.7815685272216797, 1.8426833152770996, 1.9089889526367188, 2.184084177017212, 2.059821844100952, 2.307210922241211, 2.6197564601898193]
for 300 nodes:
x [2, 3, 4, 5, 6, 7, 8, 9, 10, 11, 12, 13, 14, 15, 16, 17, 18, 19, 20]
y1 [2.5344178676605225, 2.4848275184631348, 2.593114137649536, 2.5154547691345215, 2.242300510406494, 2.4138901233673096, 2.0842502117156982, 2.318326711654663, 2.03241229057312, 2.2064125537872314, 2.278907060623169, 2.2882192134857178, 2.103682518005371, 1.9902479648590088, 2.1023242473602295, 2.308062791824341, 2.2902677059173584, 2.497495412826538, 2.108208656311035]
y2 [1.978971004486084, 1.415895938873291, 0.960899829864502, 0.926569938659668, 1.053596019744873, 0.9477002620697021, 1.1084377765655518, 1.1840758323669434, 1.2454466819763184, 1.42281174659729, 1.4521327018737793, 1.6727445125579834, 1.769350528717041, 2.0632827281951904, 2.246690034866333, 2.2880406379699707, 2.4754045009613037, 2.692967653274536, 2.9559595584869385]
for 400 nodes:
x [2, 3, 4, 5, 6, 7, 8, 9, 10, 11, 12, 13, 14, 15, 16, 17, 18, 19, 20]
y1 [3.9597911834716797, 3.768422842025757, 4.321306467056274, 3.7483408451080322, 3.865428924560547, 3.4145615100860596, 3.9694154262542725, 3.5424602031707764, 3.8181071281433105, 4.555800437927246, 4.209939479827881, 4.1248345375061035, 4.016329765319824, 3.6523005962371826, 3.602416515350342, 3.954176902770996, 3.60127329826355, 4.221399784088135, 4.082406044006348]
y2 [3.672569990158081, 2.0706095695495605, 1.5137975215911865, 1.3527953624725342, 1.2573819160461426, 1.2100086212158203, 1.34083890914917, 1.430715560913086, 1.4594941139221191, 1.692312479019165, 1.6936872005462646, 2.0345184803009033, 2.258683443069458, 2.290278673171997, 2.765866756439209, 2.9254887104034424, 2.504948139190674, 2.770160675048828, 2.9018383026123047]
for 600 nodes:
x [2, 3, 4, 5, 6, 7, 8, 9, 10, 11, 12, 13, 14, 15, 16, 17, 18, 19, 20]
y1 [9.88200855255127, 9.021973848342896, 8.94936490058899, 8.777514934539795, 10.653541088104248, 7.9709672927856445, 10.992422819137573, 9.468271017074585, 8.693180561065674, 9.688331604003906, 8.362229585647583, 8.262391328811646, 8.721205234527588, 8.17472767829895, 9.255178928375244, 8.960177659988403, 8.825791835784912, 9.728428840637207, 9.586116075515747]
y2 [7.526152610778809, 4.081408500671387, 2.885098695755005, 2.1744332313537598, 2.0600359439849854, 2.0309793949127197, 1.8400728702545166, 1.8971006870269775, 1.9972076416015625, 2.0754005908966064, 2.2506868839263916, 2.3625059127807617, 2.6252331733703613, 2.865654468536377, 2.9351205825805664, 3.0098581314086914, 3.1808886528015137, 3.3993189334869385, 3.6400022506713867]
for 700 nodes:
x [2, 3, 4, 5, 6, 7, 8, 9, 10, 11, 12, 13, 14, 15, 16, 17, 18, 19, 20]
y1 [11.412014961242676, 13.754007816314697, 12.454015970230103, 12.817011833190918, 12.870562553405762, 10.971345901489258, 11.066482782363892, 11.4341402053833, 12.678546667098999, 12.811785459518433, 12.293302536010742, 12.096412897109985, 11.482471942901611, 13.662904500961304, 11.277431726455688, 11.428256034851074, 10.391963481903076, 11.18883728981018, 13.884674787521362]
y2 [10.052565336227417, 5.166505813598633, 3.751162052154541, 2.812889814376831, 2.542135238647461, 2.447561502456665, 2.2458226680755615, 2.1438686847686768, 2.3763508796691895, 2.216937303543091, 2.4521939754486084, 2.688199996948242, 2.7540106773376465, 2.8598406314849854, 3.0134694576263428, 3.1779868602752686, 3.433772325515747, 3.584557294845581, 3.725238084793091]

dense graph cluster change by 1 factornode 500
1
x [2, 3, 4, 5, 6, 7, 8, 9, 10, 11, 12, 13, 14, 15, 16, 17, 18, 19, 20]
y1 [11.047984600067139, 11.110681056976318, 10.975899696350098, 11.089310884475708, 11.232332706451416, 11.252272605895996, 10.999902486801147, 11.37889313697815, 11.376370429992676, 11.396615266799927, 11.191648244857788, 11.111935138702393, 11.000015258789062, 11.130733728408813, 11.213938236236572, 11.157950162887573, 11.076783180236816, 11.12056040763855, 11.276070833206177]
y2 [10.869200468063354, 6.093003511428833, 4.559052228927612, 3.5865252017974854, 3.185253620147705, 2.899285316467285, 2.983088731765747, 2.9247324466705322, 2.9199187755584717, 2.986497640609741, 3.103820562362671, 3.1500144004821777, 3.322169065475464, 3.5256505012512207, 3.5836451053619385, 3.7161636352539062, 3.9211580753326416, 4.186933994293213, 4.290031909942627]
2
x [2, 3, 4, 5, 6, 7, 8, 9, 10, 11, 12, 13, 14, 15, 16, 17, 18, 19, 20]
y1 [14.391058921813965, 13.976782321929932, 13.57132339477539, 13.596474170684814, 13.511504650115967, 14.016048192977905, 14.522041320800781, 14.555670261383057, 14.23077940940857, 14.188631057739258, 13.969180345535278, 14.288077592849731, 13.22719693183899, 12.642381191253662, 15.14249324798584, 13.558939218521118, 12.662972688674927, 13.38135051727295, 12.626520872116089]
y2 [12.9253089427948, 6.887911081314087, 5.027302026748657, 4.11628794670105, 3.758803606033325, 3.4095163345336914, 3.2120330333709717, 3.1966166496276855, 3.330796480178833, 3.6164698600769043, 3.6990931034088135, 3.9459800720214844, 4.175480365753174, 4.182919979095459, 4.315778017044067, 5.074342727661133, 4.706490516662598, 5.032403230667114, 5.108192443847656]

sparse graph cluster change 2, factor node:100
x [1,3, 5, 7, 9, 11, 13, 15, 17, 19, 21]
y2 [0.015396833419799805, 0.10918903350830078, 0.17909836769104004, 0.29595470428466797, 0.4469339847564697, 0.5723967552185059, 0.8605186939239502, 1.0974185466766357, 1.4107770919799805, 1.4566218852996826, 1.9651808738708496]
y2 [0.016227245330810547, 0.14195466041564941, 0.19010257720947266, 0.3135993480682373, 0.4388117790222168, 0.5297689437866211, 0.8232548236846924, 1.5733675956726074, 1.7188935279846191, 1.4026052951812744, 1.998929500579834]
y2 [0.01573467254638672, 0.14131832122802734, 0.1858513355255127, 0.2958242893218994, 0.4516279697418213, 0.5410749912261963, 0.8428661823272705, 1.4589800834655762, 1.3549420833587646, 1.511397123336792, 1.966461420059204]
y2 [0.01574850082397461, 0.14258861541748047, 0.19846558570861816, 0.29895663261413574, 0.4973258972167969, 0.5436239242553711, 0.8376929759979248, 1.0892891883850098, 1.5944099426269531, 1.3790531158447266, 1.9317419528961182]
y2 [0.01580190658569336, 0.13970470428466797, 0.1919088363647461, 0.298753023147583, 0.4438009262084961, 0.5333232879638672, 0.8310117721557617, 1.5211188793182373, 1.9952406883239746, 1.3878836631774902, 1.9546263217926025]
y2 [0.015750646591186523, 0.14366412162780762, 0.1902308464050293, 0.2989218235015869, 0.442537784576416, 0.5522563457489014, 0.8294284343719482, 1.3377065658569336, 1.3750953674316406, 1.4717669486999512, 1.861760139465332]
y2 [0.016152381896972656, 0.13898515701293945, 0.19201254844665527, 0.3018217086791992, 0.4469277858734131, 0.5406637191772461, 0.8350980281829834, 1.119323968887329, 1.3676462173461914, 1.374316930770874, 2.014254331588745]
y2 [0.016113996505737305, 0.1390998363494873, 0.18900609016418457, 0.297882080078125, 0.44899511337280273, 0.5353684425354004, 0.8337531089782715, 1.5769054889678955, 1.5467567443847656, 1.3740437030792236, 2.0030484199523926]
y2 [0.015903949737548828, 0.13729500770568848, 0.1904752254486084, 0.300459623336792, 0.4443988800048828, 0.5383651256561279, 0.8239777088165283, 1.4632182121276855, 1.4161076545715332, 1.5163514614105225, 1.9953222274780273]
y2 [0.01597881317138672, 0.14183354377746582, 0.1851339340209961, 0.29554128646850586, 0.4442477226257324, 0.5324819087982178, 0.8344564437866211, 1.0919194221496582, 1.379201889038086, 1.3835759162902832, 1.854337453842163]
y2 [0.016249418258666992, 0.13829803466796875, 0.19794917106628418, 0.302234411239624, 0.4557945728302002, 0.5341415405273438, 0.836188793182373, 1.500898838043213, 1.9140512943267822, 1.4600951671600342, 2.0085160732269287]
y2 [0.016953229904174805, 0.13993263244628906, 0.18900108337402344, 0.30020904541015625, 0.4418036937713623, 0.5377357006072998, 0.8334832191467285, 1.1002445220947266, 1.4718923568725586, 1.5064048767089844, 1.9711287021636963]
y2 [0.015758752822875977, 0.13512802124023438, 0.1846141815185547, 0.3045477867126465, 0.4468715190887451, 0.5465185642242432, 0.8520770072937012, 1.088658094406128, 1.7334585189819336, 1.381030559539795, 1.941624641418457]
y2 [0.01559901237487793, 0.14243412017822266, 0.19111037254333496, 0.30129027366638184, 0.44436097145080566, 0.5375890731811523, 0.8246924877166748, 1.5212750434875488, 1.5651252269744873, 1.4817330837249756, 1.9412503242492676]
y2 [0.0232541561126709, 0.14092469215393066, 0.18520450592041016, 0.29961466789245605, 0.45032739639282227, 0.540644645690918, 0.8322925567626953, 1.0927603244781494, 1.5933241844177246, 1.5132064819335938, 1.8458797931671143]
y2 [0.015789270401000977, 0.1347050666809082, 0.18906188011169434, 0.2970881462097168, 0.4469919204711914, 0.5300312042236328, 0.8326647281646729, 1.3886754512786865, 1.4233191013336182, 1.4768660068511963, 1.9329447746276855]
y2 [0.015951871871948242, 0.1338503360748291, 0.19043850898742676, 0.3043966293334961, 0.45495104789733887, 0.5378248691558838, 0.8299112319946289, 1.275876760482788, 1.8028295040130615, 1.5539360046386719, 1.9717531204223633]
y2 [0.016742467880249023, 0.14479517936706543, 0.1861886978149414, 0.30727410316467285, 0.4444615840911865, 0.5404500961303711, 0.8203921318054199, 1.099388599395752, 1.477677583694458, 1.5552382469177246, 1.9232079982757568]
y2 [0.016551971435546875, 0.14192938804626465, 0.18902373313903809, 0.30307459831237793, 0.4512038230895996, 0.532031774520874, 0.8315820693969727, 1.107229232788086, 1.532653570175171, 1.5126819610595703, 1.8401110172271729]
y2 [0.016007661819458008, 0.13417458534240723, 0.192962646484375, 0.36405301094055176, 0.6903648376464844, 0.6642000675201416, 0.8354229927062988, 1.430880069732666, 1.4957044124603271, 1.4892754554748535, 2.0115602016448975]
sparse graph cluster change 2, factor node:100
x [1,3, 5, 7, 9, 11, 13, 15, 17, 19, 21]
y2 [0.04719042778015137, 0.22687602043151855, 0.3493497371673584, 0.3466038703918457, 0.4955120086669922, 0.6734492778778076, 0.8953611850738525, 1.2240986824035645, 1.4269464015960693, 1.9210460186004639, 1.889538288116455]
y2 [0.04531407356262207, 0.19245576858520508, 0.22438406944274902, 0.35309433937072754, 0.5002987384796143, 0.68304443359375, 0.9021170139312744, 1.331047534942627, 1.5367300510406494, 1.804853916168213, 1.9009439945220947]
y2 [0.04556775093078613, 0.198746919631958, 0.2969677448272705, 0.3652360439300537, 0.49788427352905273, 0.6871151924133301, 0.918220043182373, 1.443190097808838, 1.4415977001190186, 1.7814030647277832, 1.9078383445739746]
y2 [0.0453028678894043, 0.20356154441833496, 0.23121237754821777, 0.3528306484222412, 0.5014111995697021, 0.686335563659668, 0.9066004753112793, 1.4042911529541016, 1.442328691482544, 1.8798439502716064, 1.9196524620056152]
y2 [0.04540896415710449, 0.19427871704101562, 0.23844480514526367, 0.3624110221862793, 0.5068023204803467, 0.6845805644989014, 0.9245197772979736, 1.2523267269134521, 1.606196641921997, 1.8626327514648438, 1.9334359169006348]
y2 [0.04584455490112305, 0.19620776176452637, 0.2266404628753662, 0.35767698287963867, 0.500995397567749, 0.6725502014160156, 0.9322752952575684, 1.3093557357788086, 1.540539264678955, 1.8222079277038574, 1.9358932971954346]
y2 [0.04578137397766113, 0.20080995559692383, 0.24888300895690918, 0.36055779457092285, 0.5055160522460938, 0.6909880638122559, 0.9058215618133545, 1.169250726699829, 1.650761365890503, 1.8711330890655518, 1.923250675201416]
y2 [0.04577493667602539, 0.19979214668273926, 0.24544668197631836, 0.35313868522644043, 0.5109672546386719, 0.6902847290039062, 0.9094564914703369, 1.674001932144165, 1.4378843307495117, 1.7661809921264648, 1.943176031112671]
y2 [0.04580211639404297, 0.19983792304992676, 0.23816394805908203, 0.3646707534790039, 0.5102741718292236, 0.6904103755950928, 0.9037740230560303, 1.159121036529541, 1.531599521636963, 1.8925676345825195, 1.9096057415008545]
y2 [0.046413421630859375, 0.19613337516784668, 0.24074506759643555, 0.3572685718536377, 0.5140945911407471, 0.6843438148498535, 0.9254443645477295, 1.1953308582305908, 1.5525000095367432, 1.7865159511566162, 1.9032173156738281]
y2 [0.04758024215698242, 0.20474910736083984, 0.2420482635498047, 0.3678016662597656, 0.5001485347747803, 0.6907651424407959, 0.90236496925354, 1.3368840217590332, 1.4536480903625488, 1.7550926208496094, 1.9423737525939941]
y2 [0.04577350616455078, 0.19835901260375977, 0.2413949966430664, 0.36456966400146484, 0.5029785633087158, 0.6838564872741699, 0.8930706977844238, 1.8474581241607666, 1.4397006034851074, 1.775270938873291, 1.948801040649414]
y2 [0.046239376068115234, 0.2008354663848877, 0.24073171615600586, 0.3516097068786621, 0.5012950897216797, 0.6863460540771484, 0.9128766059875488, 1.4444754123687744, 1.4437551498413086, 1.7559845447540283, 1.919144868850708]
y2 [0.05002903938293457, 0.19670343399047852, 0.24074149131774902, 0.34111738204956055, 0.4948461055755615, 0.686760663986206, 0.9118740558624268, 1.260483980178833, 1.4346961975097656, 1.7706396579742432, 1.9126601219177246]
y2 [0.04747581481933594, 0.208754301071167, 0.24274134635925293, 0.3590672016143799, 0.515709638595581, 0.6714396476745605, 0.897923469543457, 1.4044129848480225, 1.6099216938018799, 1.8574893474578857, 1.9234521389007568]
y2 [0.04604840278625488, 0.21186304092407227, 0.23856520652770996, 0.35826897621154785, 0.5036282539367676, 0.6966917514801025, 0.9001803398132324, 1.4036204814910889, 1.6452739238739014, 1.879692554473877, 1.9163684844970703]
y2 [0.04693460464477539, 0.19756007194519043, 0.23904657363891602, 0.355435848236084, 0.5130362510681152, 0.6745710372924805, 0.9089016914367676, 1.2941265106201172, 1.5476694107055664, 1.7957088947296143, 1.9157874584197998]
y2 [0.04557061195373535, 0.21396279335021973, 0.23000741004943848, 0.3494606018066406, 0.5102365016937256, 0.6987466812133789, 0.9203596115112305, 1.3303377628326416, 1.4513957500457764, 1.8753788471221924, 1.9318788051605225]
y2 [0.047025442123413086, 0.2018420696258545, 0.24097084999084473, 0.34895896911621094, 0.5211291313171387, 0.7064037322998047, 0.9046971797943115, 1.1815502643585205, 1.5127973556518555, 1.9478259086608887, 1.959127426147461]
y2 [0.04541301727294922, 0.22547459602355957, 0.24231576919555664, 0.3602132797241211, 0.504706621170044, 0.6995899677276611, 0.9170188903808594, 1.3375141620635986, 1.4562218189239502, 1.8534574508666992, 1.9168446063995361]

sparse graph cluster change 2, factor node:300
x [1,3, 5, 7, 9, 11, 13, 15, 17, 19, 21]
y2 [0.08562850952148438, 0.23057126998901367, 0.28310632705688477, 0.3984651565551758, 0.5659832954406738, 0.7392411231994629, 0.9733405113220215, 1.3303167819976807, 1.6338222026824951, 1.889807939529419, 2.014216423034668]
y2 [0.09031867980957031, 0.2500441074371338, 0.2778768539428711, 0.39606547355651855, 0.5815773010253906, 0.7458000183105469, 0.9528603553771973, 1.4598135948181152, 1.6204655170440674, 1.9215834140777588, 1.9790222644805908]
y2 [0.09013843536376953, 0.23733758926391602, 0.2836589813232422, 0.404327392578125, 0.5734894275665283, 0.7397394180297852, 0.9550762176513672, 1.5535130500793457, 1.5203099250793457, 1.8687129020690918, 2.0190317630767822]
y2 [0.09093570709228516, 0.23847055435180664, 0.28621482849121094, 0.40200209617614746, 0.558293342590332, 0.7525217533111572, 0.9681873321533203, 1.411442518234253, 1.6376564502716064, 1.8888828754425049, 2.0275278091430664]
y2 [0.09136343002319336, 0.2523071765899658, 0.29714059829711914, 0.3997313976287842, 0.561608076095581, 0.7578468322753906, 0.9856419563293457, 1.3787083625793457, 1.542015790939331, 1.9025583267211914, 2.0032927989959717]
y2 [0.09191060066223145, 0.24915099143981934, 0.30247926712036133, 0.4059426784515381, 0.5745542049407959, 0.7535972595214844, 0.9611883163452148, 1.3879811763763428, 1.6076040267944336, 1.8937101364135742, 1.9976263046264648]
y2 [0.09178757667541504, 0.24373960494995117, 0.280637264251709, 0.4108240604400635, 0.5641553401947021, 0.7725465297698975, 0.9720454216003418, 1.3738799095153809, 1.5862293243408203, 1.8360042572021484, 2.0221617221832275]
y2 [0.09118199348449707, 0.24322152137756348, 0.28551244735717773, 0.41722726821899414, 0.5543687343597412, 0.7441630363464355, 0.9699273109436035, 1.25077223777771, 1.9729831218719482, 1.9519767761230469, 2.038067579269409]
y2 [0.09224319458007812, 0.24209952354431152, 0.2813706398010254, 0.39290618896484375, 0.5604429244995117, 0.7435064315795898, 0.9793341159820557, 1.375608205795288, 1.6440000534057617, 1.9165468215942383, 1.9855067729949951]
y2 [0.09071111679077148, 0.25368523597717285, 0.28470349311828613, 0.40315842628479004, 0.5699710845947266, 0.7466747760772705, 0.9843888282775879, 1.2301254272460938, 1.63730788230896, 1.9453816413879395, 2.027205228805542]
y2 [0.0893545150756836, 0.23626065254211426, 0.2762565612792969, 0.42061352729797363, 0.5583491325378418, 0.7490887641906738, 0.9782030582427979, 1.2267298698425293, 1.5946271419525146, 1.8423779010772705, 1.9762935638427734]
y2 [0.08934879302978516, 0.2434530258178711, 0.2882096767425537, 0.4142882823944092, 0.564781665802002, 0.74202561378479, 0.9861588478088379, 1.2377746105194092, 1.648902177810669, 1.9445624351501465, 1.9892396926879883]
y2 [0.08947277069091797, 0.24628829956054688, 0.27581119537353516, 0.3988370895385742, 0.5639586448669434, 0.7390973567962646, 0.9646735191345215, 1.3647432327270508, 1.6330177783966064, 1.9951369762420654, 2.004159450531006]
y2 [0.08991479873657227, 0.24823355674743652, 0.2855489253997803, 0.40930962562561035, 0.5592634677886963, 0.7581372261047363, 0.9615569114685059, 1.329937219619751, 1.614914894104004, 1.9320013523101807, 1.9984331130981445]
y2 [0.09046125411987305, 0.24007749557495117, 0.2856869697570801, 0.4049801826477051, 0.5473842620849609, 0.7474439144134521, 0.9758286476135254, 1.456648349761963, 1.5713858604431152, 1.903691053390503, 2.0542309284210205]
y2 [0.09113788604736328, 0.24325251579284668, 0.2843482494354248, 0.41536664962768555, 0.5678668022155762, 0.7324955463409424, 0.975257158279419, 1.2469782829284668, 1.695152759552002, 1.9068565368652344, 2.014603614807129]
y2 [0.09089326858520508, 0.2413921356201172, 0.28685665130615234, 0.4011850357055664, 0.5637869834899902, 0.7603156566619873, 0.9659168720245361, 1.359837532043457, 1.6495652198791504, 1.8512673377990723, 2.0061676502227783]
y2 [0.09391450881958008, 0.28722620010375977, 0.2867097854614258, 0.41473388671875, 0.5673696994781494, 0.7595832347869873, 0.9880166053771973, 1.2286279201507568, 1.5412018299102783, 1.9236998558044434, 2.0982565879821777]
y2 [0.09056830406188965, 0.24617958068847656, 0.2774031162261963, 0.40419745445251465, 0.5628788471221924, 0.7413346767425537, 0.969688892364502, 1.3688061237335205, 1.6343533992767334, 1.886413335800171, 2.0123841762542725]
y2 [0.09016013145446777, 0.24782657623291016, 0.2998220920562744, 0.4071974754333496, 0.5753860473632812, 0.7494504451751709, 0.9696638584136963, 1.2344303131103516, 1.5164201259613037, 1.8914718627929688, 1.9860100746154785]
